1
200
749.000000000000000 142.000000000000000
649.000000000000000 771.000000000000000
710.000000000000000 679.000000000000000
183.000000000000000 370.000000000000000
40.000000000000000 323.000000000000000
50.000000000000000 571.000000000000000
429.000000000000000 718.000000000000000
146.000000000000000 699.000000000000000
30.000000000000000 21.000000000000000
376.000000000000000 524.000000000000000
244.000000000000000 158.000000000000000
496.000000000000000 371.000000000000000
264.000000000000000 360.000000000000000
598.000000000000000 351.000000000000000
340.000000000000000 503.000000000000000
751.000000000000000 1.000000000000000
5.000000000000000 680.000000000000000
418.000000000000000 74.000000000000000
449.000000000000000 413.000000000000000
120.000000000000000 625.000000000000000
412.000000000000000 183.000000000000000
388.000000000000000 117.000000000000000
8.000000000000000 750.000000000000000
524.000000000000000 795.000000000000000
57.000000000000000 511.000000000000000
490.000000000000000 266.000000000000000
10.000000000000000 593.000000000000000
153.000000000000000 765.000000000000000
560.000000000000000 742.000000000000000
203.000000000000000 752.000000000000000
107.000000000000000 141.000000000000000
110.000000000000000 400.000000000000000
799.000000000000000 727.000000000000000
171.000000000000000 187.000000000000000
14.000000000000000 425.000000000000000
641.000000000000000 317.000000000000000
148.000000000000000 242.000000000000000
715.000000000000000 774.000000000000000
645.000000000000000 173.000000000000000
220.000000000000000 711.000000000000000
439.000000000000000 254.000000000000000
505.000000000000000 129.000000000000000
653.000000000000000 589.000000000000000
766.000000000000000 356.000000000000000
104.000000000000000 660.000000000000000
298.000000000000000 792.000000000000000
120.000000000000000 516.000000000000000
380.000000000000000 467.000000000000000
552.000000000000000 539.000000000000000
298.000000000000000 501.000000000000000
11.000000000000000 616.000000000000000
91.000000000000000 671.000000000000000
528.000000000000000 271.000000000000000
461.000000000000000 245.000000000000000
720.000000000000000 240.000000000000000
358.000000000000000 253.000000000000000
27.000000000000000 550.000000000000000
111.000000000000000 363.000000000000000
794.000000000000000 333.000000000000000
127.000000000000000 627.000000000000000
395.000000000000000 331.000000000000000
642.000000000000000 316.000000000000000
206.000000000000000 115.000000000000000
524.000000000000000 201.000000000000000
697.000000000000000 661.000000000000000
703.000000000000000 724.000000000000000
108.000000000000000 136.000000000000000
681.000000000000000 215.000000000000000
510.000000000000000 16.000000000000000
305.000000000000000 773.000000000000000
581.000000000000000 320.000000000000000
391.000000000000000 369.000000000000000
265.000000000000000 627.000000000000000
736.000000000000000 728.000000000000000
325.000000000000000 384.000000000000000
167.000000000000000 349.000000000000000
476.000000000000000 46.000000000000000
776.000000000000000 666.000000000000000
667.000000000000000 520.000000000000000
184.000000000000000 391.000000000000000
410.000000000000000 458.000000000000000
211.000000000000000 744.000000000000000
318.000000000000000 118.000000000000000
334.000000000000000 425.000000000000000
767.000000000000000 289.000000000000000
218.000000000000000 214.000000000000000
625.000000000000000 518.000000000000000
428.000000000000000 229.000000000000000
434.000000000000000 327.000000000000000
40.000000000000000 154.000000000000000
140.000000000000000 396.000000000000000
535.000000000000000 683.000000000000000
48.000000000000000 465.000000000000000
611.000000000000000 52.000000000000000
264.000000000000000 276.000000000000000
437.000000000000000 675.000000000000000
645.000000000000000 310.000000000000000
15.000000000000000 192.000000000000000
710.000000000000000 347.000000000000000
637.000000000000000 499.000000000000000
447.000000000000000 115.000000000000000
93.000000000000000 379.000000000000000
729.000000000000000 764.000000000000000
379.000000000000000 701.000000000000000
325.000000000000000 689.000000000000000
558.000000000000000 433.000000000000000
600.000000000000000 289.000000000000000
470.000000000000000 17.000000000000000
46.000000000000000 238.000000000000000
743.000000000000000 338.000000000000000
336.000000000000000 121.000000000000000
119.000000000000000 496.000000000000000
47.000000000000000 588.000000000000000
359.000000000000000 387.000000000000000
235.000000000000000 435.000000000000000
712.000000000000000 84.000000000000000
389.000000000000000 584.000000000000000
534.000000000000000 267.000000000000000
519.000000000000000 615.000000000000000
645.000000000000000 376.000000000000000
261.000000000000000 225.000000000000000
419.000000000000000 431.000000000000000
503.000000000000000 698.000000000000000
798.000000000000000 639.000000000000000
404.000000000000000 703.000000000000000
679.000000000000000 765.000000000000000
191.000000000000000 107.000000000000000
124.000000000000000 765.000000000000000
321.000000000000000 54.000000000000000
306.000000000000000 250.000000000000000
503.000000000000000 432.000000000000000
632.000000000000000 141.000000000000000
54.000000000000000 377.000000000000000
617.000000000000000 300.000000000000000
489.000000000000000 665.000000000000000
747.000000000000000 422.000000000000000
279.000000000000000 117.000000000000000
716.000000000000000 48.000000000000000
362.000000000000000 229.000000000000000
239.000000000000000 708.000000000000000
303.000000000000000 257.000000000000000
361.000000000000000 552.000000000000000
666.000000000000000 621.000000000000000
557.000000000000000 596.000000000000000
555.000000000000000 530.000000000000000
694.000000000000000 755.000000000000000
221.000000000000000 512.000000000000000
693.000000000000000 227.000000000000000
632.000000000000000 644.000000000000000
391.000000000000000 598.000000000000000
352.000000000000000 56.000000000000000
770.000000000000000 303.000000000000000
239.000000000000000 114.000000000000000
599.000000000000000 366.000000000000000
635.000000000000000 321.000000000000000
443.000000000000000 352.000000000000000
486.000000000000000 119.000000000000000
750.000000000000000 410.000000000000000
223.000000000000000 669.000000000000000
5.000000000000000 343.000000000000000
511.000000000000000 31.000000000000000
392.000000000000000 616.000000000000000
299.000000000000000 571.000000000000000
639.000000000000000 570.000000000000000
236.000000000000000 691.000000000000000
457.000000000000000 433.000000000000000
128.000000000000000 577.000000000000000
10.000000000000000 83.000000000000000
376.000000000000000 289.000000000000000
91.000000000000000 34.000000000000000
711.000000000000000 504.000000000000000
626.000000000000000 91.000000000000000
390.000000000000000 522.000000000000000
164.000000000000000 490.000000000000000
84.000000000000000 13.000000000000000
641.000000000000000 727.000000000000000
179.000000000000000 184.000000000000000
137.000000000000000 270.000000000000000
361.000000000000000 581.000000000000000
565.000000000000000 202.000000000000000
132.000000000000000 132.000000000000000
654.000000000000000 559.000000000000000
247.000000000000000 377.000000000000000
462.000000000000000 610.000000000000000
619.000000000000000 550.000000000000000
577.000000000000000 141.000000000000000
636.000000000000000 320.000000000000000
299.000000000000000 112.000000000000000
359.000000000000000 756.000000000000000
790.000000000000000 152.000000000000000
448.000000000000000 614.000000000000000
644.000000000000000 518.000000000000000
150.000000000000000 501.000000000000000
495.000000000000000 621.000000000000000
531.000000000000000 501.000000000000000
245.000000000000000 561.000000000000000
457.000000000000000 310.000000000000000
328.000000000000000 405.000000000000000
573.000000000000000 537.000000000000000
69.000000000000000 696.000000000000000
