3
27
150.000000000000000 38.500000000000000
151.500000000000000 38.600000000000001
148.500000000000000 38.600000000000001
153.000000000000000 38.899999999999999
147.000000000000000 38.899999999999999
154.400000000000006 39.399999999999999
145.599999999999994 39.399999999999999
155.800000000000011 40.000000000000000
144.199999999999989 40.000000000000000
157.000000000000000 40.899999999999999
143.000000000000000 40.899999999999999
158.099999999999994 41.899999999999999
141.900000000000006 41.899999999999999
159.099999999999994 43.000000000000000
140.900000000000006 43.000000000000000
160.000000000000000 44.200000000000003
140.000000000000000 44.200000000000003
160.599999999999994 45.600000000000001
139.400000000000006 45.600000000000001
161.099999999999994 47.000000000000000
138.900000000000006 47.000000000000000
161.400000000000006 48.500000000000000
138.599999999999994 48.500000000000000
161.500000000000000 50.000000000000000
138.500000000000000 50.000000000000000
161.500000000000000 88.500000000000000
138.500000000000000 88.500000000000000
50
100.000000000000000 88.500000000000000
200.000000000000000 88.500000000000000
98.500000000000000 88.599999999999994
201.500000000000000 88.599999999999994
97.000000000000000 88.900000000000006
203.000000000000000 88.900000000000006
95.599999999999994 89.400000000000006
204.400000000000006 89.400000000000006
94.200000000000003 90.000000000000000
205.800000000000011 90.000000000000000
93.000000000000000 90.900000000000006
207.000000000000000 90.900000000000006
91.900000000000006 91.900000000000006
208.099999999999994 91.900000000000006
90.900000000000006 93.000000000000000
209.099999999999994 93.000000000000000
90.000000000000000 94.200000000000003
210.000000000000000 94.200000000000003
89.400000000000006 95.599999999999994
210.599999999999994 95.599999999999994
88.900000000000006 97.000000000000000
211.099999999999994 97.000000000000000
88.599999999999994 98.500000000000000
211.400000000000006 98.500000000000000
88.500000000000000 100.000000000000000
211.500000000000000 100.000000000000000
88.599999999999994 101.500000000000000
211.400000000000006 101.500000000000000
88.900000000000006 103.000000000000000
211.099999999999994 103.000000000000000
89.400000000000006 104.400000000000006
210.599999999999994 104.400000000000006
90.000000000000000 105.799999999999997
210.000000000000000 105.799999999999997
90.900000000000006 107.000000000000000
209.099999999999994 107.000000000000000
91.900000000000006 108.099999999999994
208.099999999999994 108.099999999999994
93.000000000000000 109.099999999999994
207.000000000000000 109.099999999999994
94.200000000000003 110.000000000000000
205.800000000000011 110.000000000000000
95.599999999999994 110.599999999999994
204.400000000000006 110.599999999999994
97.000000000000000 111.099999999999994
203.000000000000000 111.099999999999994
98.500000000000000 111.400000000000006
201.500000000000000 111.400000000000006
100.000000000000000 111.500000000000000
200.000000000000000 111.500000000000000
27
138.500000000000000 111.500000000000000
161.500000000000000 111.500000000000000
138.500000000000000 150.000000000000000
161.500000000000000 150.000000000000000
138.599999999999994 151.500000000000000
161.400000000000006 151.500000000000000
138.900000000000006 153.000000000000000
161.099999999999994 153.000000000000000
139.400000000000006 154.400000000000006
160.599999999999994 154.400000000000006
140.000000000000000 155.800000000000011
160.000000000000000 155.800000000000011
140.900000000000006 157.000000000000000
159.099999999999994 157.000000000000000
141.900000000000006 158.099999999999994
158.099999999999994 158.099999999999994
143.000000000000000 159.099999999999994
157.000000000000000 159.099999999999994
144.199999999999989 160.000000000000000
155.800000000000011 160.000000000000000
145.599999999999994 160.599999999999994
154.400000000000006 160.599999999999994
147.000000000000000 161.099999999999994
153.000000000000000 161.099999999999994
148.500000000000000 161.400000000000006
151.500000000000000 161.400000000000006
150.000000000000000 161.500000000000000
