1
104
150.0 38.5
151.5 38.6
153.0 38.9
154.4 39.4
155.8 40.0
157.0 40.9
158.1 41.9
159.1 43.0
160.0 44.2
160.6 45.6
161.1 47.0
161.4 48.5
161.5 50.0
161.5 88.5
200.0 88.5
201.5 88.6
203.0 88.9
204.4 89.4
205.8 90.0
207.0 90.9
208.1 91.9
209.1 93.0
210.0 94.2
210.6 95.6
211.1 97.0
211.4 98.5
211.5 100.0
211.4 101.5
211.1 103.0
210.6 104.4
210.0 105.8
209.1 107.0
208.1 108.1
207.0 109.1
205.8 110.0
204.4 110.6
203.0 111.1
201.5 111.4
200.0 111.5
161.5 111.5
161.5 150.0
161.4 151.5
161.1 153.0
160.6 154.4
160.0 155.8
159.1 157.0
158.1 158.1
157.0 159.1
155.8 160.0
154.4 160.6
153.0 161.1
151.5 161.4
150.0 161.5
148.5 161.4
147.0 161.1
145.6 160.6
144.2 160.0
143.0 159.1
141.9 158.1
140.9 157.0
140.0 155.8
139.4 154.4
138.9 153.0
138.6 151.5
138.5 150.0
138.5 111.5
100.0 111.5
98.5 111.4
97.0 111.1
95.6 110.6
94.2 110.0
93.0 109.1
91.9 108.1
90.9 107.0
90.0 105.8
89.4 104.4
88.9 103.0
88.6 101.5
88.5 100.0
88.6 98.5
88.9 97.0
89.4 95.6
90.0 94.2
90.9 93.0
91.9 91.9
93.0 90.9
94.2 90.0
95.6 89.4
97.0 88.9
98.5 88.6
100.0 88.5
138.5 88.5
138.5 50.0
138.6 48.5
138.9 47.0
139.4 45.6
140.0 44.2
140.9 43.0
141.9 41.9
143.0 40.9
144.2 40.0
145.6 39.4
147.0 38.9
148.5 38.6