1
200
7.000000000000000 49.000000000000000
473.000000000000000 458.000000000000000
130.000000000000000 72.000000000000000
344.000000000000000 478.000000000000000
323.000000000000000 109.000000000000000
440.000000000000000 565.000000000000000
492.000000000000000 642.000000000000000
787.000000000000000 103.000000000000000
727.000000000000000 529.000000000000000
440.000000000000000 212.000000000000000
303.000000000000000 369.000000000000000
109.000000000000000 357.000000000000000
760.000000000000000 533.000000000000000
299.000000000000000 278.000000000000000
616.000000000000000 135.000000000000000
697.000000000000000 626.000000000000000
712.000000000000000 467.000000000000000
610.000000000000000 33.000000000000000
179.000000000000000 749.000000000000000
579.000000000000000 421.000000000000000
767.000000000000000 272.000000000000000
593.000000000000000 136.000000000000000
685.000000000000000 545.000000000000000
428.000000000000000 491.000000000000000
194.000000000000000 757.000000000000000
601.000000000000000 353.000000000000000
708.000000000000000 344.000000000000000
468.000000000000000 290.000000000000000
124.000000000000000 596.000000000000000
730.000000000000000 103.000000000000000
522.000000000000000 266.000000000000000
549.000000000000000 424.000000000000000
201.000000000000000 453.000000000000000
177.000000000000000 208.000000000000000
228.000000000000000 533.000000000000000
298.000000000000000 581.000000000000000
635.000000000000000 13.000000000000000
665.000000000000000 214.000000000000000
663.000000000000000 136.000000000000000
225.000000000000000 69.000000000000000
115.000000000000000 94.000000000000000
429.000000000000000 101.000000000000000
117.000000000000000 595.000000000000000
505.000000000000000 4.000000000000000
251.000000000000000 698.000000000000000
588.000000000000000 323.000000000000000
305.000000000000000 482.000000000000000
352.000000000000000 366.000000000000000
716.000000000000000 737.000000000000000
38.000000000000000 344.000000000000000
301.000000000000000 97.000000000000000
671.000000000000000 628.000000000000000
737.000000000000000 158.000000000000000
377.000000000000000 797.000000000000000
694.000000000000000 304.000000000000000
9.000000000000000 631.000000000000000
545.000000000000000 175.000000000000000
35.000000000000000 698.000000000000000
542.000000000000000 399.000000000000000
768.000000000000000 12.000000000000000
260.000000000000000 757.000000000000000
794.000000000000000 8.000000000000000
395.000000000000000 368.000000000000000
713.000000000000000 530.000000000000000
606.000000000000000 562.000000000000000
342.000000000000000 565.000000000000000
482.000000000000000 652.000000000000000
367.000000000000000 221.000000000000000
95.000000000000000 712.000000000000000
71.000000000000000 701.000000000000000
590.000000000000000 31.000000000000000
338.000000000000000 257.000000000000000
416.000000000000000 590.000000000000000
440.000000000000000 279.000000000000000
535.000000000000000 206.000000000000000
372.000000000000000 98.000000000000000
295.000000000000000 119.000000000000000
254.000000000000000 423.000000000000000
289.000000000000000 760.000000000000000
105.000000000000000 526.000000000000000
123.000000000000000 706.000000000000000
213.000000000000000 770.000000000000000
38.000000000000000 294.000000000000000
220.000000000000000 644.000000000000000
366.000000000000000 534.000000000000000
426.000000000000000 194.000000000000000
563.000000000000000 338.000000000000000
644.000000000000000 390.000000000000000
550.000000000000000 359.000000000000000
623.000000000000000 147.000000000000000
585.000000000000000 17.000000000000000
72.000000000000000 339.000000000000000
47.000000000000000 785.000000000000000
696.000000000000000 485.000000000000000
623.000000000000000 20.000000000000000
144.000000000000000 768.000000000000000
535.000000000000000 715.000000000000000
25.000000000000000 334.000000000000000
442.000000000000000 11.000000000000000
279.000000000000000 152.000000000000000
44.000000000000000 495.000000000000000
418.000000000000000 796.000000000000000
492.000000000000000 215.000000000000000
191.000000000000000 33.000000000000000
269.000000000000000 197.000000000000000
753.000000000000000 147.000000000000000
625.000000000000000 410.000000000000000
62.000000000000000 611.000000000000000
208.000000000000000 577.000000000000000
361.000000000000000 625.000000000000000
535.000000000000000 268.000000000000000
395.000000000000000 376.000000000000000
367.000000000000000 639.000000000000000
274.000000000000000 531.000000000000000
556.000000000000000 301.000000000000000
72.000000000000000 560.000000000000000
94.000000000000000 584.000000000000000
155.000000000000000 589.000000000000000
207.000000000000000 15.000000000000000
593.000000000000000 369.000000000000000
480.000000000000000 255.000000000000000
55.000000000000000 306.000000000000000
563.000000000000000 702.000000000000000
276.000000000000000 708.000000000000000
49.000000000000000 731.000000000000000
244.000000000000000 438.000000000000000
8.000000000000000 797.000000000000000
651.000000000000000 449.000000000000000
403.000000000000000 531.000000000000000
531.000000000000000 414.000000000000000
219.000000000000000 775.000000000000000
409.000000000000000 580.000000000000000
729.000000000000000 23.000000000000000
54.000000000000000 260.000000000000000
737.000000000000000 345.000000000000000
117.000000000000000 725.000000000000000
200.000000000000000 656.000000000000000
764.000000000000000 597.000000000000000
248.000000000000000 104.000000000000000
750.000000000000000 350.000000000000000
376.000000000000000 612.000000000000000
154.000000000000000 397.000000000000000
104.000000000000000 381.000000000000000
348.000000000000000 665.000000000000000
178.000000000000000 499.000000000000000
609.000000000000000 329.000000000000000
153.000000000000000 683.000000000000000
47.000000000000000 607.000000000000000
773.000000000000000 522.000000000000000
305.000000000000000 776.000000000000000
453.000000000000000 24.000000000000000
630.000000000000000 366.000000000000000
600.000000000000000 444.000000000000000
170.000000000000000 685.000000000000000
616.000000000000000 298.000000000000000
155.000000000000000 333.000000000000000
357.000000000000000 576.000000000000000
378.000000000000000 666.000000000000000
157.000000000000000 111.000000000000000
678.000000000000000 614.000000000000000
419.000000000000000 537.000000000000000
733.000000000000000 591.000000000000000
520.000000000000000 762.000000000000000
233.000000000000000 197.000000000000000
31.000000000000000 188.000000000000000
589.000000000000000 473.000000000000000
477.000000000000000 504.000000000000000
158.000000000000000 400.000000000000000
454.000000000000000 160.000000000000000
515.000000000000000 347.000000000000000
680.000000000000000 530.000000000000000
355.000000000000000 146.000000000000000
307.000000000000000 438.000000000000000
0.000000000000000 126.000000000000000
235.000000000000000 457.000000000000000
313.000000000000000 514.000000000000000
793.000000000000000 560.000000000000000
754.000000000000000 418.000000000000000
557.000000000000000 185.000000000000000
129.000000000000000 215.000000000000000
563.000000000000000 502.000000000000000
117.000000000000000 243.000000000000000
219.000000000000000 567.000000000000000
547.000000000000000 469.000000000000000
195.000000000000000 103.000000000000000
473.000000000000000 703.000000000000000
548.000000000000000 385.000000000000000
58.000000000000000 259.000000000000000
606.000000000000000 330.000000000000000
624.000000000000000 332.000000000000000
173.000000000000000 403.000000000000000
497.000000000000000 720.000000000000000
750.000000000000000 31.000000000000000
480.000000000000000 203.000000000000000
300.000000000000000 520.000000000000000
133.000000000000000 458.000000000000000
203.000000000000000 276.000000000000000
150.000000000000000 734.000000000000000
380.000000000000000 679.000000000000000
232.000000000000000 174.000000000000000
