1 50
200.0 111.5
201.5 111.4
203.0 111.1
204.4 110.6
205.8 110.0
207.0 109.1
208.1 108.1
209.1 107.0
210.0 105.8
210.6 104.4
211.1 103.0
211.4 101.5
211.5 100.0
211.4 98.5
211.1 97.0
210.6 95.6
210.0 94.2
209.1 93.0
208.1 91.9
207.0 90.9
205.8 90.0
204.4 89.4
203.0 88.9
201.5 88.6
200.0 88.5
100.0 88.5
98.5 88.6
97.0 88.9
95.6 89.4
94.2 90.0
93.0 90.9
91.9 91.9
90.9 93.0
90.0 94.2
89.4 95.6
88.9 97.0
88.6 98.5
88.5 100.0
88.6 101.5
88.9 103.0
89.4 104.4
90.0 105.8
90.9 107.0
91.9 108.1
93.0 109.1
94.2 110.0
95.6 110.6
97.0 111.1
98.5 111.4
100.0 111.5